<?xml version="1.0" encoding="UTF-8" standalone="no"?>
<!DOCTYPE svg PUBLIC "-//W3C//DTD SVG 20010904//EN"
              "http://www.w3.org/TR/2001/REC-SVG-20010904/DTD/svg10.dtd">

<svg xmlns="http://www.w3.org/2000/svg"
     width="33.7778in" height="20.4583in"
     viewBox="0 0 2432 1473">
  <path id="Selection"
        fill="none" stroke="black" stroke-width="1"
        d="M 2428.00,8.00
           C 2428.00,8.00 2406.26,53.00 2406.26,53.00
             2406.26,53.00 2374.26,119.00 2374.26,119.00
             2374.26,119.00 2245.26,385.00 2245.26,385.00
             2245.26,385.00 1891.26,1115.00 1891.26,1115.00
             1891.26,1115.00 1806.74,1290.00 1806.74,1290.00
             1806.74,1290.00 1773.74,1358.00 1773.74,1358.00
             1773.74,1358.00 1760.86,1384.00 1760.86,1384.00
             1760.86,1384.00 1729.78,1448.00 1729.78,1448.00
             1727.88,1452.03 1722.86,1464.91 1719.61,1466.98
             1717.66,1468.22 1714.27,1468.00 1712.00,1468.00
             1712.00,1468.00 1590.00,1468.00 1590.00,1468.00
             1590.00,1468.00 1575.00,1467.00 1575.00,1467.00
             1575.00,1467.00 1320.00,1467.00 1320.00,1467.00
             1320.00,1467.00 1303.00,1466.00 1303.00,1466.00
             1303.00,1466.00 1126.00,1466.00 1126.00,1466.00
             1126.00,1466.00 1046.00,1466.00 1046.00,1466.00
             1046.00,1466.00 1031.00,1465.00 1031.00,1465.00
             1031.00,1465.00 776.00,1465.00 776.00,1465.00
             776.00,1465.00 759.00,1464.00 759.00,1464.00
             759.00,1464.00 640.00,1464.00 640.00,1464.00
             637.78,1464.00 634.30,1464.22 632.41,1462.98
             629.70,1461.19 624.78,1447.70 623.14,1444.00
             623.14,1444.00 595.72,1381.00 595.72,1381.00
             595.72,1381.00 478.15,1110.00 478.15,1110.00
             478.15,1110.00 383.42,892.00 383.42,892.00
             383.42,892.00 159.58,376.00 159.58,376.00
             159.58,376.00 57.58,141.00 57.58,141.00
             57.58,141.00 24.14,64.00 24.14,64.00
             24.14,64.00 0.00,8.00 0.00,8.00
             0.00,8.00 2428.00,8.00 2428.00,8.00 Z" />
</svg>
